0.44000000613076345 
0.4428571420056479 
0.4325000010430813 
0.4299999997019768 
0.4437500014901161 
0.4425000064074993 
0.4233333269755046 
0.3933333290947808 
0.41749999672174454 
0.4112499989569187 
0.4312499985098839 
0.41875000298023224 
0.4112499989569187 
0.4125000014901161 
0.42375000193715096 
0.4062499962747097 
0.41999999965940205 
0.423333336909612 
0.3879999935626984 
0.4024999998509884 
0.44874999672174454 
0.46428571002823965 
0.48857143095561434 
0.5366666615009308 
0.5100000074931553 
0.5328571370669773 
0.5128571433680398 
0.5242857166699001 
0.5242857166699001 
0.5714285756860461 
0.6066666593154272 
0.5414285702364785 
0.5916666636864344 
0.5571428494794028 
0.5149999931454659 
0.5450000055134296 
0.5785714260169438 
0.5771428602082389 
0.5833333432674408 
0.5328571498394012 
0.5228571466037205 
0.48125000298023224 
0.5749999930461248 
0.5514285734721592 
0.5542857093470437 
0.6033333291610082 
0.5514285692146846 
0.5833333432674408 
0.5271428610597338 
0.5516666720310847 
0.47875000536441803 
0.4737499915063381 
0.5328571498394012 
0.5214285765375409 
0.5099999979138374 
0.4975000023841858 
0.518571423632758 
0.5716666479905447 
0.5699999829133352 
0.5457142846924918 
0.5816666632890701 
0.583333338300387 
0.5683333178361257 
0.5337499976158142 
0.5224999897181988 
0.5099999867379665 
0.512499988079071 
0.467777775393592 
0.4488888879617055 
0.565714282648904 
0.565714282648904 
0.49399999976158143 
0.5450000017881393 
0.5388888915379842 
0.5444444517294565 
0.5099999970859952 
0.5562499947845936 
0.5914285778999329 
0.5671428612300328 
0.6042857084955487 
0.5885714249951499 
0.5575000047683716 
0.5450000055134296 
0.5133333338631524 
0.49888888001441956 
0.4877777695655823 
0.4922222163942125 
0.501111110051473 
0.5022222167915769 
0.50777777367168 
0.5 
0.4955555531713698 
0.48444443941116333 
0.4670000016689301 
0.47111110223664177 
0.49000000208616257 
0.48249999433755875 
0.49125000461935997 
0.4974999986588955 
0.518571423632758 
0.511428564786911 
0.4985714256763458 
0.5028571443898338 
0.4942857197352818 
0.5142857134342194 
0.5566666573286057 
0.5483333319425583 
0.5566666622956594 
0.5171428535665784 
0.5200000022138868 
0.4985714299338205 
0.5285714311259133 
0.5457142889499664 
0.5499999863760812 
0.5499999991485051 
0.547142859016146 
0.5628571425165448 
0.5628571467740195 
0.5628571425165448 
0.5614285639354161 
0.5228571380887713 
0.5199999936989376 
0.5242857124124255 
0.5499999970197678 
0.563333327571551 
0.5550000071525574 
0.5449999968210856 
0.541666661699613 
0.5037500038743019 
0.46222222513622707 
0.46333333518770004 
0.4488888879617055 
0.47875000908970833 
0.4533333381017049 
0.4611111150847541 
0.49444444311989677 
0.4937500022351742 
0.5150000005960464 
0.5325000025331974 
0.5287499949336052 
0.5742857200758797 
0.48888888623979354 
0.5574999898672104 
0.5899999993188041 
0.5549999959766865 
0.5928571394511631 
0.572857141494751 
0.5957142838409969 
0.5500000007450581 
0.5842857020241874 
0.5337499976158142 
0.5324999950826168 
0.5728571372372764 
0.5799999960831234 
0.5557142794132233 
0.540000000170299 
0.5357142857142857 
0.52714284828731 
0.49857143419129507 
0.5 
0.4957142855439867 
0.5299999962250391 
0.5349999914566675 
0.5183333307504654 
0.5014285700661796 
0.47428572177886963 
0.45374999940395355 
0.45874999463558197 
0.47142856461661203 
0.45857142976352144 
0.4387500025331974 
0.4742857132639204 
0.46142856989588055 
0.45857142550604685 
0.4166666633552975 
0.4337499998509884 
0.4288888904783461 
0.45250000059604645 
0.4785714192049844 
0.45625000074505806 
0.49571429405893597 
0.4842857164996011 
0.4699999988079071 
0.5199999908606211 
0.42499999701976776 
0.43666667077276444 
0.45749999955296516 
0.4900000052792685 
0.5014285658087049 
0.4662499949336052 
0.4422222177187602 
0.43666666746139526 
0.48249999806284904 
0.4750000052154064 
0.5866666634877523 
0.5583333422740301 
0.5783333281675974 
0.5800000031789144 
0.5583333323399226 
0.5157142877578735 
0.5499999970197678 
0.5583333323399226 
0.48500000685453415 
0.4712499976158142 
0.5016666700442632 
0.467142858675548 
0.4674999974668026 
0.5 
0.4942857197352818 
0.48999999836087227 
0.4987499937415123 
0.4911111096541087 
0.5012499950826168 
0.5385714258466449 
0.4699999958276749 
0.4799999992052714 
0.471000000834465 
0.5087499991059303 
0.48333332935969037 
0.48249999061226845 
0.4624999947845936 
0.45124999433755875 
0.48625000193715096 
0.503333330154419 
0.47699999809265137 
0.4966666665342119 
0.464000004529953 
0.505000002682209 
0.4949999935925007 
0.5442857103688377 
0.5457142804350171 
0.5257142867360797 
0.48249999433755875 
0.5185714321477073 
0.5128571433680398 
0.46222222844759625 
0.5124999918043613 
0.5150000043213367 
0.5199999995529652 
0.5537499971687794 
0.5325000062584877 
0.5387500002980232 
0.534999992698431 
0.5249999947845936 
0.5312499925494194 
0.5124999992549419 
0.5174999944865704 
0.5037499889731407 
0.5262500010430813 
0.5337499976158142 
0.5249999985098839 
0.5149999968707561 
0.5087499991059303 
0.5212499983608723 
0.5542857093470437 
0.5557142879281726 
0.5557142836706979 
0.547142859016146 
0.5428571445601327 
0.5428571445601327 
0.5371428557804653 
0.5414285744939532 
0.5242857081549508 
0.5428571488176074 
0.5171428578240531 
0.48000000044703484 
