0.6649999916553497 
0.6800000071525574 
0.675000011920929 
0.675000011920929 
0.6749999821186066 
0.6599999964237213 
0.679999977350235 
0.6700000166893005 
0.675000011920929 
0.7150000035762787 
0.7049999833106995 
0.695000022649765 
0.679999977350235 
0.6949999928474426 
0.7050000131130219 
0.7199999988079071 
0.7150000035762787 
0.6949999928474426 
0.7049999833106995 
0.7049999833106995 
0.675000011920929 
0.6899999976158142 
0.6850000023841858 
0.4950000047683716 
0.47749998420476913 
0.596666673819224 
0.5766666730244955 
0.5799999932448069 
0.5733333230018616 
0.6100000043710073 
0.5933333436648051 
0.5124999955296516 
0.5249999985098839 
0.5349999964237213 
0.5000000074505806 
0.4925000071525574 
0.6333333253860474 
0.6333333253860474 
0.6433333158493042 
0.6533333460489908 
0.6199999849001566 
0.6266666650772095 
0.6166666547457377 
0.6100000143051147 
0.600000003973643 
0.6066666642824808 
0.5275000035762787 
0.5749999955296516 
0.5674999952316284 
0.5 
0.5833333532015482 
0.5249999910593033 
0.6166666746139526 
0.5450000017881393 
0.5350000113248825 
0.5175000131130219 
0.49250001460313797 
0.512499988079071 
0.5124999955296516 
0.5833333333333334 
0.603333314259847 
0.5466666718324026 
0.5500000019868215 
0.5933333436648051 
0.4883333345254262 
0.5079999923706054 
0.47333332896232605 
0.5180000007152558 
0.5319999933242798 
0.5199999988079071 
0.4428571420056479 
0.5559999942779541 
0.5283333311478297 
0.4600000040871756 
0.4916666696468989 
0.5124999918043613 
0.5557142794132233 
0.5171428578240531 
0.525714282478605 
0.5114285690443856 
0.6624999940395355 
0.5433333367109299 
0.5779999911785125 
0.622000002861023 
0.5779999971389771 
0.5920000076293945 
0.5940000057220459 
0.5300000061591467 
0.5580000042915344 
0.6125000044703484 
0.627499982714653 
0.6049999818205833 
0.5824999958276749 
0.5649999976158142 
0.6133333245913187 
0.6299999952316284 
0.6699999968210856 
0.6433333357175192 
0.6366666555404663 
0.600000003973643 
0.6066666841506958 
0.5033333202203115 
0.4700000062584877 
0.5025000125169754 
0.5075000077486038 
0.5433333416779836 
0.4924999997019768 
0.5199999908606211 
0.5333333412806193 
0.4933333496252696 
0.5433333416779836 
0.5600000123182932 
0.5900000035762787 
0.5800000031789144 
0.4700000137090683 
0.4700000062584877 
0.4775000065565109 
0.5024999976158142 
0.5350000038743019 
0.5324999988079071 
0.6200000047683716 
0.6100000143051147 
0.5666666726271311 
0.54666668176651 
0.5275000035762787 
0.5525000020861626 
0.49399999976158143 
0.49999999403953554 
0.5174999907612801 
0.5049999952316284 
0.5174999982118607 
0.5060000002384186 
0.5625000074505806 
0.5525000020861626 
0.5400000065565109 
0.5250000134110451 
0.5350000038743019 
0.5349999964237213 
0.5099999979138374 
0.5400000065565109 
0.494999997317791 
0.45399999618530273 
0.4999999925494194 
0.4999999925494194 
0.5024999976158142 
0.5749999806284904 
0.5824999958276749 
0.5849999785423279 
0.5849999785423279 
0.557499997317791 
0.5849999785423279 
0.5179999947547913 
0.5119999885559082 
0.5060000061988831 
0.5799999907612801 
0.564999982714653 
0.5625000074505806 
0.5275000035762787 
0.5424999967217445 
0.505000002682209 
0.5075000077486038 
0.505000002682209 
0.45399999618530273 
0.5566666821638743 
0.5150000005960464 
0.4440000057220459 
0.4619999945163727 
0.5024999976158142 
0.44800000786781313 
0.4899999976158142 
0.46600000858306884 
0.5650000050663948 
0.5374999791383743 
0.4660000026226044 
0.4449999928474426 
0.4399999926487605 
0.4399999926487605 
0.4899999976158142 
0.48799999356269835 
0.5274999961256981 
0.4539999902248383 
0.47200000286102295 
0.5375000014901161 
0.5024999976158142 
0.5699999779462814 
0.5224999934434891 
0.5124999955296516 
0.4749999940395355 
0.5433333317438761 
0.5399999916553497 
0.5250000059604645 
0.5625 
0.5474999994039536 
0.5624999925494194 
0.5349999889731407 
0.5299999937415123 
0.5049999877810478 
0.5074999928474426 
0.5549999997019768 
0.5649999901652336 
0.5750000104308128 
0.577500008046627 
0.5479999959468842 
0.5180000066757202 
0.5120000064373016 
0.5039999902248382 
0.5650000050663948 
0.5339999973773957 
0.564000004529953 
0.5699999988079071 
0.5800000011920929 
0.5459999918937684 
0.5939999997615815 
0.5819999992847442 
0.5799999952316284 
0.5899999976158142 
0.6059999883174896 
0.6119999945163727 
0.5859999895095825 
0.5600000083446502 
0.4760000050067902 
0.44799999594688417 
0.5340000092983246 
0.5039999961853028 
0.4979999899864197 
0.40799999237060547 
0.3999999985098839 
0.45000000298023224 
0.4375 
0.3799999952316284 
0.38999999314546585 
0.42249999940395355 
0.39000000059604645 
0.3633333295583725 
0.37166666487852734 
0.48250000923871994 
0.45000001043081284 
0.48999998966852826 
0.4966666599114736 
0.5200000007947286 
0.5433333416779836 
0.4924999922513962 
0.5125000029802322 
0.5666666626930237 
0.5666666527589163 
0.5075000002980232 
0.4725000038743019 
0.5300000011920929 
0.4999999900658925 
0.5299999912579855 
0.5466666718324026 
0.48499999940395355 
0.5533333321412405 
0.52333332101504 
0.5133333305517832 
0.48999999463558197 
0.5075000077486038 
0.5075000077486038 
0.505000002682209 
0.5225000008940697 
0.5250000059604645 
0.435999995470047 
0.49000000208616257 
0.40833332637945813 
0.3983333309491475 
0.3983333309491475 
